name	finger_motion													
datacolumns	14													
datarows	51													
range	0	100												
wrap														
endheader														
	PP1_flex	DP1_flex	MCP2_flex	PIP2_flex	DIP2_flex	MCP3_flex	PIP3_flex	DIP3_flex	MCP4_flex	PIP4_flex	DIP4_flex	MCP5_flex	PIP5_flex	DIP5_flex
	0	15	0	0	0	0	0	0	0	0	0	0	0	0
	0	30	0	0	0	0	0	0	0	0	0	0	0	0
	15	45	0	0	0	0	0	0	0	0	0	0	0	0
	30	60	0	0	0	0	0	0	0	0	0	0	0	0
	45	75	0	0	0	0	0	0	0	0	0	0	0	0
	60	90	0	0	0	0	0	0	0	0	0	0	0	0
	75	75	0	0	0	0	0	0	0	0	0	0	0	0
	90	60	0	0	15	0	0	0	0	0	0	0	0	0
	75	45	0	0	30	0	0	0	0	0	0	0	0	0
	60	30	0	15	45	0	0	0	0	0	0	0	0	0
	45	15	0	30	60	0	0	0	0	0	0	0	0	0
	30	0	15	45	75	0	0	0	0	0	0	0	0	0
	15	0	30	60	90	0	0	0	0	0	0	0	0	0
	0	0	45	75	75	0	0	0	0	0	0	0	0	0
	0	0	60	90	60	0	0	0	0	0	0	0	0	0
	0	0	75	75	45	0	0	0	0	0	0	0	0	0
	0	0	90	60	30	0	0	0	0	0	0	0	0	0
	0	0	75	45	15	0	0	15	0	0	0	0	0	0
	0	0	60	30	0	0	0	30	0	0	0	0	0	0
	0	0	45	15	0	0	15	45	0	0	0	0	0	0
	0	0	30	0	0	0	30	60	0	0	0	0	0	0
	0	0	15	0	0	15	45	75	0	0	0	0	0	0
	0	0	0	0	0	30	60	90	0	0	0	0	0	0
	0	0	0	0	0	45	75	75	0	0	0	0	0	0
	0	0	0	0	0	60	90	60	0	0	0	0	0	0
	0	0	0	0	0	75	75	45	0	0	0	0	0	0
	0	0	0	0	0	90	60	30	0	0	0	0	0	0
	0	0	0	0	0	75	45	15	0	0	0	0	0	0
	0	0	0	0	0	60	30	0	0	0	15	0	0	0
	0	0	0	0	0	45	15	0	0	0	30	0	0	0
	0	0	0	0	0	30	0	0	0	15	45	0	0	0
	0	0	0	0	0	15	0	0	0	30	60	0	0	0
	0	0	0	0	0	0	0	0	15	45	75	0	0	0
	0	0	0	0	0	0	0	0	30	60	90	0	0	0
	0	0	0	0	0	0	0	0	45	75	75	0	0	0
	0	0	0	0	0	0	0	0	60	90	60	0	0	0
	0	0	0	0	0	0	0	0	75	75	45	0	0	0
	0	0	0	0	0	0	0	0	90	60	30	0	0	0
	0	0	0	0	0	0	0	0	75	45	15	0	0	0
	0	0	0	0	0	0	0	0	60	30	0	0	0	15
	0	0	0	0	0	0	0	0	45	15	0	0	0	30
	0	0	0	0	0	0	0	0	30	0	0	0	15	45
	0	0	0	0	0	0	0	0	15	0	0	0	30	60
	0	0	0	0	0	0	0	0	0	0	0	15	45	75
	0	0	0	0	0	0	0	0	0	0	0	30	60	90
	0	0	0	0	0	0	0	0	0	0	0	45	75	75
	0	0	0	0	0	0	0	0	0	0	0	60	90	60
	0	0	0	0	0	0	0	0	0	0	0	75	75	45
	0	0	0	0	0	0	0	0	0	0	0	90	60	30
	0	0	0	0	0	0	0	0	0	0	0	75	45	15
	0	0	0	0	0	0	0	0	0	0	0	60	30	0
	0	0	0	0	0	0	0	0	0	0	0	45	15	0
	0	0	0	0	0	0	0	0	0	0	0	30	0	0
	0	0	0	0	0	0	0	0	0	0	0	15	0	0